51908957969
51903510695
51967488917
51902284866
51910595413
51916931120
51984776263
51968875825
51946573642
51976313420
51993498638:83
51935654161
51940050302
51918916810
51955451170
51940747540
51981950734
51921688124
51932440187
51923024332
573147574505
51961548238
51924342746
51950795236
51908987245
51969531520
51952635926
51928431770
51913295199
51941282503
51906955143
51922030732
51921095968
51964297944
51928867329
51902970303
51998011024
51936875119
51947295498
51973606408
51951155673
51930664634
51901567487
51939478281
51918164929
51967205482
51967205482
51921525389
51931477824
51944453239
51959567025
51974918014
51981895108
51951262344
51914214407
51969924276
51992042914
51938679128
51904333856
51981122137
51921280924
51955338940
51980433918
51983996917
51950623703
51986236425
51958357396
51917690600
51969633073
51917112118
51976586911
51932401630
51952025001
51966623739
51957713685
51916943802
51933565677
51974380433
51928125047
51902077746
51932614100
51969280934
51918567316
51922211338
51942451932
51904423859
51987359630
51901673538
51934882552
51914779599
51956082616
51940397472
51980637646
51965717781
51901761623
51992623127
51982043692
51912249252
51987819747
51917302907
51943844335
51916452151
51902398693
51938785861
51994258127
51906461691
51900674883
51994984864
51928831540
51928013881
51902354448
51991013471
51992730105
51926316043
51935083468
51929322067
51949157846
51918733312
51907463391
51965644204
51902450837
51933932157
51943827389
51994901018
51977165414
51928447245
51944046419
51931892503
51958143586
51928756673
51919611667
51988230465
51907714179
51995237805
51924996420
51902845973
51923140435
51980505404
51989493022
51926624431
51932877967
51914652910
51954773168
51930644077
51972763786
51957240793
51984422201
51943494890
51902695238
51974563969
51981372204
51982311501
51981372204:4
51984527739
593990148688
51985279540
51913034521
51992114396
51955566067
51962349015
51959229351
51918968873
51902785670
51959294015
51955968582
51920571904
51979942130
51950985204
51940491989
51917988758
51955207273
51937369997
51930348470
51982321387
51937239922
51928335425
51984274573
51906054774
51936459271
51923176418
51946293810
51900056811
51991856963
51963567436
51923292170
51900672679
51981516055
51963898907
51928475310
51943671142
51906078369:26
51952737811
51986885328
51992600211
51925000298
51932024666
51926195459
51927165795
51910859526
51925332503
51966434612
51912916642
584121098690
51972243512
51931514242
51990608772
51913401062
51925415310
51997241823
51986982975
51965398784
51945488863
51951439334
51912956770
51966699756
51968645318
51972455578
51949130682
51997716331
51917368129
51917745476
51987909770
51928082149
51916047248
51983916205
51982827590
51989423362
51974972627
51956192962
51989685933
51952229805
51956289781
51960256319
51927891639
51995169810
51930774055
51931992347
51916278995
51928143778
51935412819
51951510381
51986305765
51941936190
51986863371
51959892177
51904866188
51929088300
51917080782
51937348616
51967148035
51968335303
51961958325
51931226924
51904077197
51954371313
51999403386
51933684992
51994736305
51935848251
51936157135
51924316284
51935864927
51921987123
51915334494
51970082762
51917649286
51958119801
51998379613:79
51988852501
51931668125
51984248924
51974348698
51997738157
51908545636
51935683988
51937496454
51901063567
51920622828
51947777861
51925554942
51983028484
51928028368
51935415343
51907113560
51900155490
51990669909
51958339075
51926897401
51971611842
51942027240
51930752919
5511989250154
51975996039
51938852625
51927282975
51982310736
51917920849
51990265045
51957746292
51951892134
51965966055
51997684471
51960335933
51951984790
51952349434
51946454610
51925734458
51926816440
51961037429
51902288023
51974235377
51956723689
51949199690
51999451878
51970273504
51913691436
51915159197:43
51904139383
51918560171
51972648536
51967313265
51916850973
51906335846
51929274905
51985144470
51900771396
51962005929
51907581409
51990412590
51993467745
51917646734
51906685234
51963339644
51991847279
51981703450
51972446349
51934958756
51982556199
51948647894
51978168569
51902104173
51930695902
51917365358
51988399714
51935373602
51910838884
51939270227
51936799068
51914860761
51924013434
51917418145
51951479650
51945039873
51988114954
51924725937
51920703438
51936856909
51951806630
51921861840
51935283592
51941560140
51959744232
51932993491
51993348313
51936461432
51945870683
51978609738
51937485301
51946673453
51978216113
51944528475
51951298239
51972297232
51903274231
51951546653
51988292570
51924473497
51926015663
51955289655
51962407884
51925193820
51932920306
51970123209
51914183722
51925745090
51950461150
51935224526
51994932399
51950254481
51900376447
51964536994
51933326037
51925578076
51957795110
51903500630
51988110004
51904850432
51971775737
51974642725
51912806217
51921808754
51980489121
51954080009
51907842805
51974646071
51995540484
51966956605
51990878043
51917520654
51983160136
51982472522
51927867910
51942723121
51919006662
51901873149
51943606079
51949829354
51968740847
51992856006
51924443227
51929080850
51982144121
51935862664
51935905075
51901200282
51997860242
51971501208
51980174329
51916147281
51940248849
51981833895
51959316728
51927534767
51970369768
51964859522
51954674357
51948503353
51913516665
51992950942
51951442366
51959312847
51914845611
51964031383
51943162365
51925926856
51983053276
51948713619
51971690741
51975070732
51979524993
51910970717
51907459107
51970428905
51973368492
51900164459
51931124546
56926303057
51917496567
51925148103
51980971116
51985019338
51921353794
51942888083
51988666015
51952469216
51940860532
51918505462
51953841884
51927170955
51995178416
51920504800
51953627788
51997583372
51981901410
51986320213
51982361691
51957065482
51917997645
51955472766
51919550899
51933511829
51954329004
51930310540
51927314588
51935317648
51928526399
51928991377
51998028488
51922677972
51977615813
51934239813
51941939664
51932604982
51961456224
51973325540
51901225783
51955834368
51979206241
51979158568
51992273401
51950139403
51927167549
51925203557
51950774243
51926127452
51900119326
51934736146
51935254021
51913783334
51992081122
51936977795
51900042964
51913643512
51940312119
51929963341
51930588177
51962968388
51903130917
51994397261
51916956366
51918983989
51964875744
51934380831
51936404977
51925524405
51914009680
51917879262
51943085152
51935098314
51970812956
51960280429
51924725658
51994199475
51957824000
51938739021
51925660072
51977208140
51993749285
51912155902
51965960076
51906520030
51944314453
51912042640
51990802669
51901076186
51944228270
51906495187
51991938717
51922337859
51981044784
51920654729
51970421021
51946603763
51978255933
51959811732
51982464716
51988217636
51985293729
51975575204
51937738174
51902464424
51927118573
51992906519
51926080817
51984211764
51978658346
51941712485
51928765832
51903265901
51915201997
51942984006
51904193020
51917090871
51971203766
51927503132
51979606157
51972493257
51939007073
51913659988
51944331141
51930497812
51965975869
51979785398
51921071617
584126778101
51993531436
51925518147
51995493193
51937646529
51934383056
51901432558
51968957039
51996096583
51947853307
51990188471
51946263144
51913788779
51972598945
51924683022
51902172873
51991791674
51910755022
51906115310
51960914335
51987028585
51939141120
51922033328
51986645228
51992108371
51988845848
51985788565
51906091464
51974819645
51933691914
51917003049
51918200834
51992403232
51961575001
51953766137
51941418353
51915999476
51954200823
51920221187
51967999108
51947247965
51983245022
51916375631
51925015783
51922480658
51928951492
51981886322
51940458598
51990335433
51968596231
51919567998
51931534453
51992418365
51957538557
51954925795
51950629489
51900260224
51921931346
51914095328
51985633278
51989466051
51934921203
51960752347
51916123056
51989981313
51991992377
51923132844
51981964306
51931559093
51901313008
51998759900
51993773316
51942069770
51975521577
51977605696
51951085488
51943203903
51989324327
51991293827
584243218244
51907592276
51972281605
51939000631
51912356948
51992537664
51931158670
51941604954
51956131364
51936781092
51961602540
51915149212
51960477575
51913284547
51922782072
51960566745
51907400394
51932682274
51929356439
51921098789
51925037513
51979666592
51939555553
51926515183
51906398742
51998254294
51957591072
51939555553:31
51980876129
51967756313
51936073705
51952227148
51916674172
51912559351
51971940075
51957724043
51974474858
51969147562
51934953265
51944503619
51993640134
51992881239
51916963258
51902291850
51929232468
51977430251
51997679077
51923722561
51920236535
573042425359
51938504143
51901512405
51988662373
51952309455
51978252579
51925043560
51935267845
51916938126
51956595904
51959241556
51985414244
51975927208
51941587928
51900579481
51926050723
51941587928:82
51991111289
51960991914
51989236157
51998111463
51948059000
51916298459
51953008648
51901060511
51950606639
51961601788
51930158564
51932187785
51977197645
51935403260
51981005364
51932614366
51953184481
51949536590
51947022960
51977204244
51961385099
51931440161
51918037693
51966395865
51914344537
51933831795
51985499444
51959214682
51901346020
51935348302
51915139017
51916684261
51946412777
51951355405
51987604785
51962483775
51918425502
51987821609
51980454429
51953341661
51959701907
51920655761
51948160160
51912772946
51917813196
51916729456
51967382176
51917597379
51946072617
51947232794
51971450918
51944698567
51993547231
51976739892
51963415838
51906675148
51965442763
51975577842
51910800885
51984032630
51985646772
51997657408
51994354264
51920835395
51948989585
51944329223
51918886380
51946489197
51930182420
51961792317
51942835140
51982883165
51931923194
51946919924
51956307754
51901677963
51970329757
51977618664
51916034877
51979459374
51998399045
51986087821
51928039941
51931632758
51955864375
51948799885
51916985096
51945802545
51928556774
51993584102
51923352189
51901600448
51904006807
51982384391
51948053851
51927603243
593968100821
51971536220
51957212487
51982485424
51981792159
51907580845
51992230689
51931187550
51970315811
51923446381
51917716529
51971352700
51927242088
51952637229
51949151340
51966920894
51981170223
51946009728
51990684667
51932807360
51976556535
51990102719
51902585008
51992176130
51989735127
51999968557
51970097176
51987639097
51963089462
51995194601
51921050690
51900462120
51918501303
51980671002
51943315609
51901113910
51951509193
51947110804
51910433061
51946828418
51944669882
51957380348
51919139809
51934385047
51971732525
51955303606
51948263073
51966378021
51917234099
51985525274
51918044841
51926651416
51957396742
51984019278
51982119345
51958174717
51985115483
51904674330
51966850959
51963873639
51900235082
51983483648
51906930839
51986985959
51925045194
51944572788
51968136553
51958907154
51913113534
51966370561
51998730998
51907830742
51982149324
51992620823
51922647708
51987589443
51964340293
51945142818
51974973388
51913998213
51975830926
51975443734
51984717571
51946532862
51956308616
818062879493
51916161700
51931931742
51953761068
51921472853
51913608039
51982185432
51910556521
51995419703
51928547429
51973253816
51933130197
51936005530
51977106710
51998414921
51962068766
51997019210
51908506715
51929192859
51946160527
51917930095
51986046893
51922002552
51965803428
51953808316
51990036636
51942623222
51969493647
51945345150
51950501824
51940928425
51966500955
51950732383
51946111841
51968341906
51968010807
51918480875
51973777762
51935897789
51907050714
51948182340
51989477716
51976160247
51981240712
51900629488
51983721789
51976015547
51979790335
51935129311
51901753347
51971671280
51914695543
51928507127
51928584513
51906380195
51921504409
51990297117
51929009525
51912237130
51959043091
51953159225
51919649564
51959213663
51973090988
51943469983
51989136775
51990686409
51915112479
51981345071
51951931935
51966006141
51963043094
51971667498
51990090041
51999160132
51930601314
51994674142
51931490919
51910359112
51993185023
51997753336
51994841718
51917102076
51924023805
51981735666
51968301313
51931890698
51963603914
51974727034
51914812842
51992329156
51914015098
51954524520
51970587427
51918001255
51950650058
51930341082
51986621321
51923881567
51910286731
51974325896
51985159670
51917076517
51985010960
51992614422
51975002411
51998260434
51918787238
51918330332
51941797328
51931418381
51956012939
51947791422
51931566404
51931389881
51913673294
51972840853
51964423932
51974241651
51951868640
51989062090
51977912328
51960126378
51931192994
51906974415
51934964657
51935734732
51923195382
51991843854
51950352748
51972976405
51924745560
51963345936
51973544385
51937558761
51970820059
51907262301
51928650937
51931184061
51947288634
5219713349984
51994254835
51977754149
51958876971
51938533885
51925731346
51929290895
51996362219
51940572820
51957683465
51923516594
51910883706
51957994948
51973654944
51961920112
51944706194
51981109552
51944157166
51986711499
51988328296
51965386041
51908972073
51936379643
51925727625
51965002262
51958567351
51913008049
51955240603
51992860529
51942782679
51964468495
51999254121
51906502099
51987273276
51900376461
51906549709
51974471936
51936672541
51980227580
51922744269
51902433165
51944854128
51929523573
51921906471
51943602689
51900706344
51914265618
51979399131
51926493606
51955868344
51912941656
51999105519
51932685356
51929880628
51931489996
51959437837
51929140302
51993973955
51977747515
51977613356
51920860336
51983926280
51977741514
51914451552
51992060323
51953626363
51950308674
51944041621
51951007007
51987038937
51997354705
51957324838
51949809188
51991299209
51978812540
51936957927
51983147752
51952802324
51982186376
51976956337
51982964768
51983454618
51904085829
51922509290
51925195449
51989493133
51915337662
51937378207
51913095502
51914645597
51929706434
51992849079
51986057630
51982774027
51992002815
51924352119
51932595190
51921944588
51906864133
51950938868
51945405140
51993308350
51928680979
51920627553
51967477457
51924464740
51966474251
51927079408
51901866193
51931810425
51952669342
51967271769
51906472269
51994790507
51921383312
51950783431
51922121657
51967219104
51900554384
51900067726
51970909270
51976401013
51945109720
51986332845
51987223574
51903159949
51934985500
51973188575
51965004185
51980238446
51924432425
51917285662
51948081310
51906766359
51951338123
51952820040
51939987663
51977836971
51986158907
51996007350
51974326788
51988416069
51910801933
51976577769
51901442123
51963784336
51982155159
51945553077
51939149550
51982877562
51938860926
51958252511
51922230388
51932499820
51910507933
51932247152
51964215931
51980269503
51929385500
51912257246
51914919774
51925642512
51904472856
51970998485
51932910288
51921609816
51908684933
51993736075
51963042295
51914052161
51904418460
51955136874
51991230604
51912077629
51987356886
51993636755
51968809703
51925661419
51913866634
51953609110
51931099789
51900263106
51975076155
51944044112
51947840207
51945296481
51913769278
51925284513
51955102373
51914745789
51974331135
51940549839
51915211640
51987439272
51937510042
51999059269
51904264230
51972641241
51951180867
51986178084
51995611181
51970696933
51960996663
51990443224
51906985178
51965071847
51976412087
51990110230
51969582953
51903381667
51967936587
51921748801
51924002643
51984476266
51981582905
51981971075
51942695900
51936338888
51910735054
51953282762
51933210260
51955961500
51957906060
51987694785
51904538277
51995793288
51906879410
51918039385
51941949124
51940067025
51901567178
51939148542
51902311643
51962961981
51918853762
51946618116
51968236452
51947680211
51945688061
51953811145
51952807721
51900906783
51992366100
51939483460
51924866329
51917875384
51918106986
51927537647
51985035275
51902255388
51903515910
51939535333
51927257033
51992501682
51973845742
51906230322
51971529223
51924588597
51929597960
51930490221
51927486772
51935610899
51934410750
51937740197
51935141583
51973055321
51918031356
51987562001
51929474133
51965796023
51913539543
51962007183
51948970953
51955313269
51900324767
51940467697
51980633766
51961984173
51931732465
51948267517
51952982785
51916717721
51910885965
51972760532
51930233014
51922128053
51959917052
51942385558
51986331511
51995920625
51926333993
51986190662
51906664051
51924054429
51906253275
51953608432
51935701059
51972372629
51942462607
51977530651
51906864683
51996102812
51904452438
51986070817
51904106820
51984641623
51928692037
51922990458
51923709566
51960506472
51923927628
51972490512
51931703856
51946375327
51973867076
51982872280
51968412247
51934035486
51927077751
51971177318
51980273985
51935937485
51913884382
51903511678
51942669555
51943656940
51949668072
51934715122
51999074134
51902520097
51994676298
51942265642
51906775214
51939618406
51925865515
51908718867
51977567235
51918831819
51995409373
51904027351
51924522391
51919172804
51965335247
51987000170
51989928979
51930810034
51915955236
51903494804
51900937144
51943915288
51987435003
51942432142
51950345288
51924428775
51921964820
51958241981
51934782644
51919552812
51950255318
573204101914
51989698354
51928573811
51922672095
51958181946
51961640890
51940640017
51977661704
51945205000
51971694251
51907560671
51941428168
51972776216
51989447979
51926068732
51930983115
51967394301
51982739937
51941024954
51953324047
51924351024
51912798272
51927665107
51925484226
51986177572
51902078571
51934170417
51956951542
51916484403
51962284017
51912827977
51919527415
51989505938
51999990072
51917401845
51916450480
51960601589
51939904667
51933673021
51970436817
51916794806
51941038010
51974034680
51946285469
51930573096
51995920625:12
51998113736
51995169984
51973651650
51991714884
51987809402
51916874543
51915149658
51940958245
51971343911
51987886176
51995555467
51939265633
51966895696
51993225974
51916598497
51946308978
51960133914
51946238090
51994053957
51938245107
51903015788
51937348502
51948495896
51925029872
51922933188
51995733723
51922025257
51940035765
51980966680
51945711374
51936326483
51935501350
51963832563
51921704832
51939481415
51940623980
51942188883
51992742960
51943759573
51963986339
51908735266
559584289848
51915069505
51980776043
51962667367
51973477874
51965997231
51917323359
51960750512
51981092523
51913796815
51945424506
51967437961
51953562963
51931195562
51947153575
51935628738
51916452176
51931614653
51925938059
51921218561
51942449437
51977116642
51963967130
51949236175
51953421717
51916352508
51956846690
51910580541
51900938135
51946999017
51994410070
51953794785
51977757614
51928482635
51979094859
51947800655
51917993091
51904225948
51907330039
51961213703
51910793514
51953751486
51983223113
51936630169
51961757028
51915391186
51938494945
51915901565
51970040480
51954757918
51960249089
51931527600
51901637073
51913736306
51953882859
51921684721
51923962016
51990084454
51982264875
51942505648
51982790493
51957528375
51950379581
51965424339
51927760695
51922433220
51937422767
51965171936
51987657128
51994514027
51935010571
51973270320
51900368591
51921122096
51973338462
51942752282
51902551853
51904138126
51950229005
51918475219
51921945535
51993885872
51919677417
51954489880
51916402921
51930547109
51934301213
51906787084
51962787796
51931116589
51927535438
51975220265
51926619066
51940287026
51994387612
51926253650
51928242038
51974156005
51903204573
51991872852
51914903657
51931836042
51976576772
51986706896
51907858293
51931362058
51942029170
51982188520
51923535604
51980696845
51959273309
51934493522
51994332799
51933202269
51981941927
51928773772
51986176001
51949030765
51901192794
51912993460
51923234117
51963089422
51910944937
51916926113
51980124119
51910297362
51999717979
51930232264
51916792617
51970787682
51917698122
51901563250
51921741891
51919042952
51906549499
51949176692
51964524646
51981240913
51972742582
51901362991
51936643053
51960137074
51936473378
51948084164
51923986419
51942180390
51924647788
51931672745
51906085891
51953622480
51956538593
51938101924
51912268431
51901654176
51935502252
51987753997
51925110557
51946405155
51930309176
51962703435
51921634757
51996994638
51972535643
51929888327
51917820025
51992114428
51942896903
51990413866
51970802040
51992868356
51908667240
51970615939
51913400889
51901631073
51902933919
51951118461
51943403756
51972116992
51930495459
51972298602
51964759662
51918261629
51959147091
51949271723
51928497105
51904769252
51919170036
51917007088
51946618516
51952020064
51980285244
51902845722
51990410548
51922343861
51967630634
51967476662
51987072753
51927039315
51962197594
51957746339
51904871012
51946239827
51917906300
51929670522
51900819108
51922942531
51904838407
51969101062
51910305510
51921557634
51994968823
51996908058
51954939969
51990675880
51965632469
51931454037
51917939891
51904909174
51952277176
51997232553
51924539696
51935546448
51981475807
51935938209
51935224633
51928526918
51914828061
51977793525
51939318806
51921052475
51942410175
51963432643
51918451565
51918346972
51931518751
51932280545
51917365552
51964884598
51953951631
51923395994
51900387962
51997675706
51991966715
51943182542
51995649747
51972587077
51917867051
51976508450
51914293376
51901893243
51936692442
51921948213
51984341444
51996061899
51928067868
51982685789
51977797668
51921121795
51952313998
51934693059
51963596298
51916072131
51921538793
51997712305
51964909038
51969127099
51991602372
51981468779
51918306750
51917058858
51928574176
593969975224
51984040828
51965109505
51968544248
51993776814
17473362381
51964124510
51926983918
51976808313
51918990674
51904506109
51907796171
51984994859
51999999094
51922831656
51935600057
51907706071
51930889454
51929848295
51913564395
51928427438
51950733613
51910405964
51901910340
51971704581
51918432080
51921469273
51958454248
51991456657
51901035316
51960143508
51914331481
51961964406
51957882777
51918908967
51954263432
51990007009
51932522029
51953155442
51986303906
51931059430
51978147985
51952539277
51903123231
51983772590
51976321130
51954366332
51953736566
51973779950
51981836304
51983461310
51947208225
51913108916
51942423183
51927658034
51925450502
51901652919
51951224591
51928225220
51967347018
51914428623
51983016733
51989458380
51927288065
51914389428
51906241061
51965954930
51976190801
51943314316
51974601596
51922725965
51941121877
51900004593
51961922159
51945751763
51903107467
51991162591
51927434340
51972223549
51916917233
51923896894
51900487505
51934071924
51910853591
51930369242
51965751628
51972442797
51957132750
51914057383
51982860478
51944986201
51935216847
51984670448
51934736077
51936835861
51933784733
51993763141
51964892050
51940103415
51983971947
51949090553
51980708309
51993333609
51916985520
51903205299
51901653521
51960360148
51967147444
51912340991
51979568362
51931844456
51901038761
51988407125
51955249011
51910399642
51971784908
51994916154
51990829893
51993259965
51921522133
51981421829
51928176096
51945635530
51910267397
51910726916
51957130633
51923723675
51942769305
51978373094
51977649850
51921076288
51900875926
51945822759
51946736104
51962893518
51950945490
51970740173
51935715452
51930749836
51928596151
51960777587
51964021083
51946355734
51951888457
51903300022
51923582090
51902483286
51949669959
51986172597
51946440958
51998395572
51921659507
51973333350
51993508356
51981480776
51925462967
51967336336
51906548811
51926499870
51944702591
51952198709
51900304189
51931216616
51960900302
51981949549
51994574193
51930963289
51942241877
51948556214
51914480605
51957786987
51920494584
51979373848
51930732262
51991459774
51917120655
51940380591
51978633894
51906511558
51988531270
51986281093
51919622368
51988509507
51986721733
51935441756
51935646245
51925725976
51925506926
51945415214
51931683854
51939649542
51935523182
51997424072
51981849673
51960916319
51964858739
51951910855
51925158281
51928927759
51907884738
51917165443
51975331181
51906165557
51966669824
51908774144
51958526422
51944095649
51952443347
51961942847
51917816049
51928294253
51970147948
51982717218
51916401444
51932380773
51941486346
51975798616
51980901197
51946485666
51948338898
51969403584
51900862745
51969330072
51994460385
51940805078
51950616756
51956217655
51902422494
51906134793
51907897970
51960997587
51934151149
51950524490
51983247993
51989917077
51951861733
51996770866
51982798911
51930111540
51921147282
51963036460
51947295702
51930356920
51925275909
51929547677
51983496065
51918776401
51965354204
51973074281
51943748460
51931872664
51927228334
51903080081
51940951763
51957309458
51944182178
51924124866
51958618198
51971698596
51926869115
51991694498
51938935143
51990685326
51925547478
51929514537
51908550882
51906958853
51938487344
51981512207
51901178824
51996042042
51927771094
51916159467
51982701410
51933969868
51910943591
51903325872
51966261282
51916226077
51978962186
51992346380
51912189050
51916887101
51948371053
51975882337
51979060760
51901445021
51906742368
51917514087
51928483530
51928341795
51907171376
51913276420
51902939538
51942794924
51921258290
51933188027
51965984009
51996707627
51900878873
51927907749
51945279096
51950599383
51935495811
51926203906
51943358832
51969320165
51953187099
51976121455
51900129286
51948796995
51982452301
51993993381
51951007007:1
51947166010
51969173082
51988846829
51981637857
51916018672
51910452174
51945082775
51993445549
51969885345
51974534358
51993471832
51968395537
51953870849
51901428099
51935241189
51900146624
51908573766
51924882859
51993268068
51999611618
51912887692
51965493806
51967341883
51969950474
51961142211
51952740478
51994488942
51979210736
51942996335
51935207816
51955209569
51988037573
51967854618
51923003366
51959719258
51925897765
51965656467
51901813499
51979392363
51952453069
51991247953
51926055290
51999933405
51984110849
51940808244
51969668359
51959549690
51972287444
51914859030
51972888121
51935067385
51938117216
51993507338
51902800972
51967212631
51941871883
51929536702
51986817186
51975136275
51954339382
51981884184
51949503129
51979432067
51904036404
51989069890
51979210979
51990425088
51925728744
51932712648
51969211768
51958086865
51954030210
51900792270
51938797528
51964540728
51957029173
51929984674
51972676803
51956852127
51991894139
51982931179
51959308327
51928322530
51991820880
51995616728
51924556275
51984709179
51986008840
51910088600
51948375764
51901397683
51921698862
51903313719
51980309106
51927412864
51946531589
51912722292
51978489881
51989263021
51948847310
51926458501
51969569180
51907999408
51932135355
51933144286
51927084922
51925616097
51906217951
51953897907
51922129376
51962690778
51978166832
51927248775
51934689754
51956526923
51921866376
51916036663
51935761969
51915233358
51919536881
51946804693
51985550936
51986896879
51933197951
51936849878
51903510695:22
51942979855
51922812129
51926491586
51967607046
51980547295
51918680537
51931531456
51935465575
51921427387
51924956760
51917706579
51979052130
51986127845
51988350692
51980707746
51956101210
51915935570
51944727816
51915366731
51929905810
51912683519
51944235262
51921484596
51987750779
51950640452
51913106036
51956643832
51955826089
51960976343
51929672881
51998318741
593989305756
51933266238
51931494899
51928958375
51998710143
51952221324
51982232270
51924446075
51952962288
51916108189
51933838847:2
51914726318
51927125657
51974417119
51942921860
51929269292
51902551857
51901636809
51904814734
51965032195
51980602375
51961593326
51996435392
51935827595
51935788337
51902640462
51997496856
51977700951
573205748306
51997265784
51925326389
51988805399
51960663817
51929328167
51958496997
51939744895
51944159517
51922515885
51949131636
51929843469
51917267745
51940394806
51979160364
51903176881
51915938556
51935113529
51946652270
51922407120
51918023314
51982506735
51984149516
51959006493
51925376046
51925848113
51957648734
51989893102
51900733786
51952380861
51947925216
51959243492
51913369479
51901553934
51997973343
51939826977
51936161498
51989450909
51999621868
51987190275
51922710267
51914353119
51931330262
51944764044
51988225017
51900970896
51997085409
51904456917
51994705577
51996424510
51900217747
51925176829
51910080378
51956765102
51994811280
51968245890
51900514563
51930934566
51995339333
51901073643
51983649169
51927596122
51958125134
51973236018
51914957605
51927483498
51916323108
51973336047
51902058054
51962334701
51944736126
51938288437
51991369951
51915217831
51926648870
51923293475
51933249253
51992314935
51944967117
51901482026
51977795183
51916760935
51972991153
51928300677
51931606551
51966989371
51915247707
51904133975
51970322407
51932712221
51928802269
51957344444
51935570592
51944589563
51926099447
51958614852
51931857590
51907151741
51929296358
51986445147
51931997778
51958241033
51966978108
51950853691
51991029799
51918922912
51910224942
51903239118
51953849204
51968302344
51934406026
51924771421
51950253416
51916821546
51907396340
51980471022
51935462098
51982383389
51907684055
51940760515
51991597726
51980137492
51935677952
51985197479
51922432927
51937238613
51921691970
51934502930
51936072136
51956651328
51900823367
51972819286
51982658298
51968814432
51967519711
51935993874
51976564611
51941737719
51983927275
51941973392
51955064239
51997113748
51935747205
51969711786
51991002525
51904684510
51921939420
51917709055
51929463400
51949694767
51901054732
51969992365
51999904674
51951266872
51960897539
51938675871
51997740414
51983984964
51917004811
51943464478
51995868943
51973809932
51967380852
51919038565
51945424450
51975518817
51994772254
51974250726
51937199732
51900891557
51915190659
51900565408
51981335589
51981660027
51952082060
51986817758
51958893957
51915954363
51916448803
51941563574
51935476911
51952129325
51935625183
51970592574
51966528175
51953098722
51901115230
51940571743
51970743739
51929117170
51919035936
51939252093
51949512176
51925617485
51916532928
51917492174
51974063300
51980887544
51936037340
51942990000
51940067534
593983913255
51958378097
51982003191
51931043679
51900898752
51951543396
51922268426
51916411944
51943826147
51966266391
51934241795
51984088550
51999503381
51950018358
51906494638
51988986161
51954262441
51924071442
51977621875
51973777563
51938818489
51935321621
51928203703
51990429070
51901865742
51903425083
51985275398
51916042524
51924839066
51999330212
51969106862
51926860020
51962685737
51912885277
51983450473
51959450866
51977417224
51953335597
51977168635
51960080624
51940974416
51918135367
51907119986
51912373961
51997385171
51919735213
51974146886
51954679552
51955758486
51900746397
51957232571
51987227533
51918693608
51997860060
51924445533
51906639145
51943583680
51927243894
584129241908
51917706189
51923054263
51900581359
51900731994
51925507486
51906368384
51948795877
51974409812
51937603653
51954860998
51984393014
51968797225
51928528082
51959778900
51932943742
51902976238
51925883157
51968800985
51969981793
51974778486
51965134623
51903577723
51994264572
51924014756
51932836600
51927791294
51972255569
51928617127
51940300065
51965694951
51949978483
51958614852:5
51974646322
51927674727
51985672962
51987933265
51967002498
51948554205
51921890419
51948390534
51908517278
51959681891
51970181994
51957980759
51994881562
51961644875
51935031791
51993809165
51904846654
51934775432
51983360261
51987115990
51903390575
51994384523
51956305048
51964993650
51988767353
51927869618
51965672379
51991970922
51942117586
51901792133
51992453196
51900067214
51940433532
51953056966
51929027428
51966418030
51972430422
51917943546
51991002066
51997224236
51962096105
51982733008
51919000708
51955135424
51913431495
51916581984
51968492341
51987371455
51916990093
51982409168
51949800337
51997457385
51952200096
51987695750
51931976855
51947821734
51929457594
51983035029
51902245759
51989999062
51929432382
51982194139
51916458047
51955469515
51935950321
51984317850
51978412690
51938902263
51954306292
51906451733
51906911263
51932436796
51972717578
51924020150
51932037413
51929644474
51997918425
51912980255
51931470962
51945983571
51953723608
51987227789
51972318377
51918899737
51990825299
51970888503
51987430721
51973783857
51924469372
51921424950
51973921050
51912930454
51970074240
51916742436
51912200540
51985090335
51908585972
51945525169
51921404262
51917354217
51917295759
51952192453
51938162718
51941616091
51993029293:26
51948091805
51929342067
51910347726
51962440885
51900513043
51959657632
51900608917
51989712530
51987389704
51940226856
51907020790
51966125727
51953096172
51995501719
51929365582
51927296425
51984543309
51914594917
51995798715
51983219122
51981391391
51916970884
51985133661
51913520910
51918929013
51907625546
51939378533
51919469454
51913911732
51972776632
51964287390
51979724571
51961935891
51924907105
51964331137
51987666706
51943010318
51968394949
51973721433
51952324912
51984966286
51966212012
51974609694
51967104938
51987655664
51950245424
51923183597
51988766659
51954000743
51957138488
51973698469
51950047226
51978337305
51933466924
51967640846
51917837468
51944511502
51958232513
51974942239
51942476513
51984944706
51941087270
51977976861
51998743141
51986373072
51957524016
51948721208
51989682323
51922190325
51978961899
51984359760
51939622486
51933928584
51971148551
51912225499
51937492056
51930601996
51939863177
51978344450
51980833419
51936568831
51975031410
51913798940
51912448098
51978618858
51994877044
51955009557
51917409024
51931945145
51923648758
51965895351
51927095830
51993383231
51948304763
51956304322
51969501978
51956020985
51925060135
51977388027
51934368958
51985327802
51982829639
51940348111
51972910536
51927481761
51980968478
51994211619
51900076524
51907092688
51960781258
51926925349
51956916621
51987455726
51904660823
51973523282
51923815554
51929973501
51929550282
51995871301
51914918952
51922150395
51990995130
51936995442
51953561704
51973649648
51956740162
51928702892
51914038305
51994806392
51906224665
51981167595
51945865097
51963382335
16316644701
51927393479
51950348329
51917748906
51956478480
51901912807
51998275970
51903428830
51940712117
51942652506
51945698212
51904189158
51987239968
51979330834
51929609080
51918452434
51951269225
51997424683
51987836310
51987386737
51955090297
51957695933
51904469885
51924353627
51933070517
51907342622
51978080039
51980858232
51987273306
51953786409
51955551319
51939014971
51992742222
51902161919
51946716260
51930828622
51904002955
51942171950
51939280392
51935932872
51988792031
51946022275
51990857870
51941512826
51983333479
51903179229
573013854542
51906279690
51950524776
51901798519
51977504519
51915109825
51999502838
51940802161
51930528598
51975477116
51935373464
51922406476
51915007756
51984220412
51944848850
51904956053
51935104519
51904495120
51910584819
51950273076
51912190467
51916545987
51915149703
51995379729
51933143617
51986255501
51952437730
51918625708
51926753743
51924142230
51900082539
51917368329
51916845771
51925853200
51902270846
51963047045
51941644596
51904115860
51918575828
51993799879
51951469287
51929887219
51913766800
51951649688
51917706084
51969258051
51943597104
51902936760
51949775381
51927926471
51978046513
56977439391
51916150675
51971300632
51978371011
51904505945
51902242283
51924977314
51956194625
51907057253
51917365526
51968735783
51993591179
51977733432
51928898293
51956693017
51946998165
51904622540
51904163064
51918504814
51920541941
51971779877
51917374955
51958079503
51900081716
51933275413
51907248882
51967380789
51954974995
51923075862
51922729283
51978339738
51917714571
51979504859
51935494068
51980995641
51996900084
51942161793
51957921226
51991676255
51935460524
51961896847
51903510695:31
51982925986
51918742835
51963263962
51916318907
51910957884:56
51925097913
51965614870
51928965227
51908513984
51991646942
51904790253
51999959229
51992269823
51939828781
51972226797
51990742247
51972906069
51979495578
51947462286
51964213733
51933547057
51968104577
51917839134
51997652469
51993869217
51908791503
51960732272
51962347015
51921172837
51904004638
51928663911
51938151254
51916147825
51944792118
51904079813
51989765292
51935381184
51991487394
51908525602
51922048301
51992277890
51961725764
51923408875
51951976416
51922861803
51945428689
51917234398
51961289584
51922832248
51991746759
51915972547
51918894603
51988568625
51929260092
51906448296
51906280825
51918446102
51929614954
51921642583
51927804256
51998998128
51982443616
51935098511
51977234108
51986738518
51965632469:31
51987042444
51918712278
51954833036
51941161755
51942475938
51919601029:23
51982234633
51946342891
51900775396
51948165882
51990676400
51963629451
51945371975
51955216686
51964846064
51979257338
51979628125
51903277035
51940875671
51953331191
51901040002
51917770417
51924420675
51954155815
51925262368
51941741786
51989429646
51925290042
51930824533
51935532148
51925995223
51930761851
51926596275
51945246748
51958506799
51977446684
51916759626
51981407336
51985957852
51906148161
51917245125
51992833437
51907592497
51987342478
51955561126
51934439584
51984182373
51916150291
51972317393
51972458153
51912152611
51901386097
51923761162
51968557368
51987445174
51960100205
51917508206
51968929108
51950784620
51966658222
51900124209
51929338965
51912281568
51912210537
51914285367
51902580309
51955577258
51967043277
51959969630
593979737222
51924034991
51907549106
51927244181
51970666027
51991995055
51922746775
51902562660
51916017250
51900866522
51931088437
51989900552
51973329541
51934642575
51903084059
51944706516
51969062104
51919141846
51991198694
51940513850
51928373833
51922227450
51971676642
51900850922
51916388135
51978835368
51926075931
51942652816
51900622289
51939183368
51965792037
51935171310
51916453666
51921042369
51966085143
51923296951
51972330672
51900558995
51976205552
51949087285
51916483080
51999627847
51976359458
51900495917
51976947108
51936309965
51995124667
51959940486
51927924834
51925392384
51922929044
51931793476
51972478671
51916139613
51944317307
51920154479
51931190113
51991763669
51961033337
51912348604
51903523058
51966190609
51992615865
51916558718
51938295318
51971112812
51919660292
51908780552
51946131904
51948212724
51931094906
51932945598
51930481183
573044348276
51957267943
51992030553
51901716642
51978672203
51916664570
51910957884
51906180426
51959331573
51921900950
51993641246
51961264276
51980297508
51924675870
51996266150
51908791667
51996969638
51920435775
51952555721
51944500981
51984075542
51902876227
51997253912
51910812800
51932709321
51916441659
51927775305
51986376289
51921523179
51985162881
51959614399
51953855615
51994999620
51936823251
51991466352
51910517071
51997087147
51958401444
51931985768
51915952799
51998770142
51991965330
51995125565
51956286173
51989805386
51945047304
51928987159
51964914273
51914819862
51929226565
51928553146
51935653852
51900371046
51939394274
51971438375
51939107474
189721825284142
51978361134
51931427526
51972654774
51902989983
51972437901
51952147922
51961792044
51907304109
51969931268
51932621965
51931684078
51979411569
51941742430
51984099341
51932020777
51935685748
51980680519
51985953087
51970246482
51959250980
51965438844
51949584616
51961522693
51941115798
51913482917
51997139504
51941002377
51941001197
51916995435
51922437918
51992725857
51924415717
51945935515
51946211151
51966497619
51979971430
51944419451
51916194800
51984281361
51980411264
51923810155
51925878677
51989644284
51996912854
51943035519
51927849054
51927436153
51917169594
51917645591
51993015790
51903214190
51989078919
51995845633
51906381739
51946599826
51974324731
51933498397
51907710806
51916300617
51925068369
51979774380
51914804212
51951713132
51930896096
51977888865
51972723858
51930973255
51973720044
51944365619
51948102773
51998558000
51976692810
51987261720
51920207582
51932563421
51924089025
51969627564
51927657672
51903443251
51973001002
51950052198
51944534312
51968429578
51934721460
51907812905
51910820409
51930505022
51941017787
51921178837
51967427383
51997173184
51906927777
51986763888
51903272879
51997900398
51991208756
51914656813
51987401972
51959240991
51935991074
51918776734
51974978823
51931643917
51986753159
51931996913
51947135087
51940791913
51925257687
51938951837
51977883975
51926914835
51987726678
51917718045
51980630640
51969807603
51966870067
51951397082
51978430157
51958662421
51964759879
51927462338
51995646349
51959556110
51938817619
51956764951
51950879352
51959580487
51914884242
51936612602
51972835219
51935867721
51949700235
51922665893
51929587358
51984410255
51998765561
51933709165
51920053301
51926721809
51993965508
51963354318
51966962718
51937739390
51923541029
51980418158
51940657213
51972634735
51922512220
51949464388
51926546238
51967218892
51907215949
51928659610
51956428079
51928458742
51930579544
51903280488
51949995339
51902173390
51918813126
51940524930
51927759027
51965208808
51949521334
51906334471
51900874655
51969701169
51979927244
51960131741
51947298239
51916469868
51926586345
51994990717
51913169119
51930613503
51963680523
51967927298
51984324966
51962020966
51969316667
51929245523
51927031826
51968144184
51904355944
51961540919
51964294822
51932181131
51997096516
51976818393
51951221389
51984294181
51997159836
51984115940
51959019464
51982077307
51910198189
51923515824
51977960206
51957468064
51950120861
51995896666
51928620820
51968318289
51999993910
51946187725
51923613003
51906402088
51989848153
51913444007
51973146391
51937414507
51970014767
51987553919
51993978598
51926627941
51918067331
51986914859
51988095305
51943301355
51990560029
51902160093
51903138162
51991976780
51941321734
51987180884
51980026391
51917306931
51997289173
51964442388
51967044263
51935054160
51962963582
51916135999
51993670506
51992969074
51940523582
51966740018
51985366735
51971009761
51995899542
51959952846
51986979767
51964260216
51982829793
51974276777
51922467996
51982453575
51964151184
51963275746
51989817718
51993125388
51940928665
51967177338
51929333672
51900291788
51973617456
51940872001
51923601599
51965162790
51916047242
51995749740
51987696533
51943762699
51927448243
51930586794
51951786101
51993816057
51904540138
51964886233
51944623386
51961927003
51926104341
51972736610
51993883508
51938153769
51992266578
51960195766
51987939864
51962714318
51982806113
51945633100
51912273728
51949433909
51997782123
51938482612
51917686590
51917831261
51982774294
51992723012
51935675508
51962165801
51925228736
51955213492
51956038232
51902378259
51977908544
51949223123
51965365926
51952414838
51928315689
51964952937
51929564000
51958743199
51904612372
51922388665
51962010143
51914654416
51910247154
51958416419
51933425077
51969428483
51969290120
51983328971
51994798386
51993954020
51973380691
51997768557
51936810829
51922969199
51930195209
51906295346
51900365391
51921364675
51992510967
51922942760
51962815936
51923527024
51990353437
51926245461
51922132292
51914633585
51907925752
51902781510
51957934015
51956879260
51950789974
51968396234
51940991656
51968122980
56955374598
51947115523
51900125325
584264169292
51981332245
51928385824
51969987571
51954877460
51928680778
51902646204
51936542216
51922412861
51969967077
51977293286
51925944397
51971663522
51910903627
51995417237
51924574307
51927844642
51914083639
51916701827
51912750723
51952826865
51927472205
51976708811
51915083354
51976214171
51949085107
51913629696
51910019126
51934958150
51961071977
51935311495
51997688726
51981562582
51967256682
51936828173
51956604900
51935908869
51952733354
51977942350
51933337582
51956489453
51922143209
51956960589
51941733313
51900183470
51992447761
51977238934
51962276584
51927496638
51980354637
51903417209
51980630381
51977992701
51976594596
51954987273
51966760301
51907153089
51906573107
51940402683
51924764314
51973671609
51910483431
51997454589
51947768673
51948013831
51959646514
51966713111
51935695293
51906655432
51950856014
51935783653
51916741623
51961410019
51934191119
51956304640
51924698299
51937489234
51913923073
51981412147
51940564724
51941251255
51930568017
51990368235
51964685994
51925897833
51929066939
51928218411
51902542513
51963037302
51967691258
51981568609
51976334041
51978127698
51910977358
51978145753
51983240958
51930410700
51929905547
51993124484
51986866069
51952677718
51943584448
51923030903
51959914210
51925544754
51917170484
51997187180
51926793567
51963327061
51966168369
51944517276
51963429390
573107139639
51948769816
51976065873
51969634441
51964590320
51935738263
51970767323
51943007648
51980321559
51966283601
51972701171
51933451378
51939138516
51917949160
51915360363
51916429462
51936462023
51947877567
51973373972
51940550431
51903582578
51932566466
51983017884
51973004962
51907884168
51981108573
51998245177
51961482972
51926681547
51942006627
51900234962
51918355731
51971567331
51916774295
51925893071
51936237136
51986021928
51927011519
51997137012
51955284777
51965358125
51929636222
51962311139
51920641711
51969936570
51984771936
51940473616
51930939326
51921202008
51962523126
51916966223
51928736691
51902597515
51934588239
51950881051
51912084143
51978016608
51967697047
51912541216
51902466703
51931256440
51910014987
51937312282
51912563910
51927474069
51947725008
51951817265
51956608627
51964887196
51991388455
51927841997
51922384379
51959111852
51944767580
51986845778
51993651803
51910725311
51950305894
51962071043
51959310126
51988266459
51913308445
51940163652
51975703702
51994508229
51941528975
51959105930
51927583849
51936931128
51989200956
51943161335
51954495729
51903440431
51935642694
51906031500
51933085237
51947597776
51961488208
51923781374
51963858316
51903018097
51941193145
51980922399
51934888616
51920568428
51912631550
51925189519
51975338904
51918709010
51910217516
51991600102
51946031040
51959389739
51965211896
51959259900
51981456871
51916836092
51969615035
51930664991
51921073288
51942398066
584127394088
51939770967
51951873366
51974990162
51952968707
51916912061
51921062925
51992262351
51918574739
51929525595
51953931411
51907982351
51976917763
51959274988
51921585663
51906702164
51982310094
51987061875
51912761990
51954855690
51933993131
51983399893
51944396323
51964481041
51961153492
51900796918
51929549644
51957025560
51936327302
51957048387
51957472435
51912033382
51956620743
51938939195
51983863974
51904014132
51982178806
51971320142
51918726647
51987253686
51977308073
51943917318
51932826931
51968121601
51987746791
51941016438
51992774796
51921894985
51922881052
51962214324
51983631964
51969253100
51945525673
51945617491
51992975820
51903353659
51929832180
51987787479
51940442692
51988146961
51929715986
51948823180
51921677059
51981316897
51948271592
51916785957
51959675944
51989481279
51942769001
51935961679
51944103217
51991026405
51932590923
51958024159
51920792902
51934924731
51979095701
51982540116
51951158583
51956128063
51972249407
51953073783
51935146785
51963725031
51935157969
51940225676
51979026074
51968365165
51915398432
51916047680
51931886359
51941413734
51981191462
51900096850
51996502229
51961716282
51991842187
51976463168
51924020597
51948807775
51979557362
51944475510
51914703443
51995370642
51993032780
51962175273
51956564956
51930710879
51928607815
51906419295
51986902377
51997520158
51969566112
51953153724
51975366685
51924046369
51987006846
51934819185
51974278200
51982152342
51997361410
51943883854
51989197074
51922813042
51969869589
51981828403
51978957785
51966577586
51933432202
51956044174
51980815561
51979311112
51986262284
51971289329
51922504831
51935327274
51921814248
51928682136
51917181192
51910548005
51976463770
51994779386
51922387045
51947116209
51926866273
51993107104
51976454369
51921917768
51971060143
51997055006
51921498272
51924701555
51973816184
51906167146
51987254581
51908645959
51978256053
51947505790
51912645995
51931368973
51968707735
51947785250
51914551340
51901018016
51900182673
51933343661
51942057367
51986154281
51975849579
51965291006
51924857219
51904559226
51996899650
51969245294
51984752785
51928567213
51990491173
51920284822
51978381390
51925468362
51994521582
51949556723
51941100579
51926040413
51998998473
51907859496
51922183280
51949554587
51921561386
51967687963
51935445132
584245802917
51999912483
51955360269
51975659165
51967942719
51967164587
51908624182
51997058267
51977559802
51910726124
51987260397
51982162628
51997952444
51936405446
51921366163
51928164315
51980058990
51919042431
51919567557
51923458175
51924306917
51979719191
51922783052
51941666402
51939169316
51986395619
51924508678
51971311959
51953595502
51987309919
51940584562
51931470682
51936851741
51959754951
51925367182
51957922393
51965387704
51946107830
51926580394
51941793032
51953843353
51923181356
51959326921
51912191036
51914441177
51951928807
51935896522
51902528070
51921390516
51964009001
51981493951
51990026883
51985787121
51912504685
51955708941
51935243317
51907461331
51918438303
51981760673
51992804022
51944590823
51900286371
51953079004
51934807152
51992907953
51986699579
51986170060
51993273316
51933712063
51997173534
584129557742
51926196982
51910358334
51946556949
51935477759
51946776090
51984984023
51987416226
51945862416
51954665880
51942751288
51985107847
51983626693
51980395003
51946332085
51973643854
51972979972
51907112682
51981861299
51977739879
51917381062
51982260620
51922852464
51920731697
51923846480
51993395548
51913096111
51906007344
51954724033
51912696314
51933392640
51910397835
51922033358
51912296100
51901291920
51932271045
51937758645
51938863433
51918029617
51923255088
51930314668
51932645705
51992598741
51928742071
51910579320
51951173736
51922568539
51942612025
51912339548
51999846038
51914716332
51920133424
51954109099
51910513506
51985898065
51915987328
51952208762
51946566750
51936962408
51948660035
51933226982
51982549597
51959454001
51906360638
51987303358
51957926109
51935149155
51942794745
51991837394
51993257884
51976341260
51903059305
51916790390
51988235974
51969126053
51969034450
51944119348
51977912832
51972774828
51904241263
51908963006
51902466317
51961610448
51971994191
51924689954
51921193404
51999036571
51956353189
51997490223
51994706675
51942138438
51939279548
51922877435
51979560560
51979602356
51910131313
51907337879
51903156796
51933896670
51959907698
51961551150
51982375800
51986350724
51912580954
51990304001
51931678792
51964362957
51974091891
51920617249
51998027195
51913002438
51962702388
51917960641
51930389598
51967608329
51947731599
51940047038
51901384692
51900977564
51943290597
51948291223
51921936164
51927215086
51943223685
51948292729
51913213855
51966763531
51997942006
51961580086
51931137500
51903400757
51937385258
51927317928
51948580034
51926923726
51945993621
51938699828
51900667767
51998754689
51910386128
51913631006
51925680979
51962650643
51996901034
51925338401
51927896884
51951647581
51904137895
51955860848
51948826165
51937475043
51939263242
51974790479
51947212464
51967662795
51968437988
51946706013
51931545570
51952442613
51932165775
51931413520
51986972207
51975197401
51954769514
51923203175
51908518344
51942461497
51984908344
51989635950
51927140926
51977569826
51921980192
51970912663
51996645091
51910671183
51940201294
51935487316
51904748975
51966382274
51929517460
51967192824
51944863196
51950184371
51950351994
51925610582
51940489091
51920496590
51975040582
51929770964
51910887938
51970743372
51904023317
51979753898
51956931056
51931850738
51976859550
51953960956
51901718570
51938891410
51950058374
51937330418
51926542528
51955777699
51978646811
51939957644
51969559028
51927930980
51977358476
51992708088
51988657085
51979899476
51921616187
51945180732
51949391703
51945660307
51964869789
51968492909
51977465486
51991563873
51977541173
51967589715
51954363520
51992569884
51936021955
51945300444
51994382252
51955499658
51924566519
51939491592
51979537470
51923742300
51963194525
51915370482
51937352880
51901911345
51951620938
51926297647
51980351294
51980578862
51966059552
51967329993
51934459530
51923615302
51983374038
51913262955
51989571006
51910335785
51940476558
51907693384
51906162023
51994537939
51987093965
51956332631
51930905481
51912928050
51906648558
51933185668
51924467885
51922128533
51959510980
51966411601
51940961518
51987608934
51954447770
51904069138
51907744064
51960374102
51953988131
51953139021
51958163367
51902639263
51946501368
51977346741
51992545704
51991168765
51921663392
51990374062
51912160892
51976004200
51990983231
51948167394
51926065108
51907590083
51912430997
51944360168
51935642755
51993805892
51984041220
51977185185
51906244789
593989577837
51994731591
51915105907
51965488176
51989647698
51951763933
51923203263
51993807846
51962218899
51941945740
51961417542
51957398089
51973159054
51923155202
51902513490
51973548622
51971295676
51978242870
51989213229
51992107264
51964091555
51960383845
51902497103
51902450789
51900945805
51938214220
51971677950
51957859053
51946490270
51962873319
51916443393
51975238666
51945084279
51945995748
51992425929
51904723516
51999846023
51969298890
51940819640
51980767477
51952058355
51979125565
51981942226
51994632011
51958084714
51948679958
51940778396
51946122404
51965973243
51952948198
51921817199
51970766687
51978425740
51935246842
51960459685
51959528603
51937374669
51960542970
51942158039
51944449253
51984429387
51932158869
51949635205
51958766718
51930911342
51990536742
51980843432
51915082874
51999041375
51906184738
51903105475
51949530381
51958194003
51919546424
51922212063
51974404273
51983012677
51962290645
51916372460
51950891243
51906126193
51982112148
51998707548
51975225511
51944066152
51916266631
51948465156
51977683285
51916351800
51920220293
51941220830
51945364816
51974322606
51939893375
51902318102
51912354389
51916286039
51951614067
51938501714
51992840897
51986356280
51926107673
51996817979
51943064062
51972230356
51916510520
51959316497
51944436139
51934200339
51959186363
51977381238
51983245436
51960580545
51987011740
51910394218
51900264460
51974815528
51924935514
51900343417
51959532801
51941616978
51992381499
51950478884
51962560221
51941615123
51938188640
51968574227
51958974635
51958756733
51950128507
51907781490
51914373882
51902370361
51915992183
51984333617
51991786574
51994838419
51976977218
51918230740
51998928772
51986405280
51937052115
51955846029
51940357808
51957351667
51982297250
51927613299
51953853533
51999154218
51981652625
51940799495
51918537458
51947279581
51965711772
51966578418
51983525259
51972029596
51951583383
51992197297
51941639486
51972762208
51985938647
51986562466
51930797708
51924553487
51993062364
51925417350
51977910714
51928825967
51975476332
51910981349
51929463581
51967941499
51988638858
51908607989
51993318629
51920060680
51926616947
51900956792
51942418021
51917422769
51956723128
51916286078
51986281953
51941424737
51984102339
51924074851
51955997917
51941555916
51927063959
51986283143
51921390874
51949696135
51984752369
51992519910
51979620795
51939027767
51923231623
51952986814
51922730218
51925973172
51929642525
51969891299
51967774539
51964478206
51933921316
51999783580
51986566719
51925938283
51933173019
51981045729
51950951167
51962172115
51984708257
51966744662
51963605920
51963587699
51961701266
51951675474
51940636465
51910225453
51969369787
51912196385
51928220108
51958792001
51947500926
51959345240
51902235891
51920233335
51960609367
51953556042
51960881931
51919631936
51940109575
51952098901
51989360677
51974847526
51952760226
51910893513
51996222329
51926489390
51965442946
51948162555
51978231901
51933474449
51992673294
51970947453
51932039502
51977332790
51964299088
51963981428
51993924226
51977593206
51940311323
51975044640
51983448469
51976964170
51916678483
51947051810
51904358796
51952305007
51942642597
51975457475
51953293970
51922536848
51946383999
51932668856
51995730107
51941585884
51957155919
51988820029
51944868378
559784478718
51943094425
51969513577
51989080197
51938742786
51990703563
51968407735
51999431191
51976345081
51906866625
51946552225
51921638497
51987750881
51974590731
51991820139
51958169974
51900783712
51902266468
51997439747
51989105868
51938160632
51977609851
51977331783
51945439954
51945226487
51913274049
51957803242
51902208144
51987694774
51973894485
51906203430
51943291652
51974358871
51954752416
51985987194
51930851849
51953081659
51963704357
51989132561
51910493788
51917618891
51977932657
51951519143
51954874415
51912823384
51991235252
51904100893
51929110200
51996547892
51957126319
51995177289
51995277894
51937675950
51917841161
51927576684
51966227605
51932924467
51955414422
51920135550
51947770945
51926821871
51968789029
51927378179
51960094309
51956265599
51950087381
51912103984
51900261500
51921941924
51981182727
51934649650
51980060919
51901310849
51955379927
51942102714
51967874368
51967791614
51975890953
51933083813
51900439830
51969296677
51903540975
51938969218
51919293966
51979073415
51981340653
51959502818
51926501053
51956507431
51901013052
51995176380
51950738401
51906600909
51962291248
51988857221
51907504508
51923460345
51925462264
51951792152
51900981030
51991567053
51949777351
51971247773
51991605130
51976098695
51920166998
51961217555
51954625146
51926146598
51989768115
51922786358
51923126041
51970149961
51924909291
56953850435
51912999369
51904580623
51912288497
51901644718
51961770660
51902955653
51956672734
51993925902
51900868289
51951542664
51902458799
51944923989
51977769247
51917153386
51942733564
51918331055
51938703269
51997729647
51941942724
51953241535
51917866216
51903446347
51993501753
51922672390
51943105248
51929065858
51913270746
51917000281
51960623384
51983630441
51912548577
51918602450
51929909737
51955253219
51954738712
51959526211
51901753656
51952254073
51962156950
51948448841
51977957409
51943199355
51953630096
51935889476
51962868591
51947516092
51942168354
51926020484
51981728910
51954447141
51927781656
51992619739
51966020537
51951890114
51937131871
51915348441
51996553666
51987271600
51989017428
51952528743
51942809345
51921613849
51970376499
51946410479
51943337170
51939333813
51973029139
51995959257
51941387610
51976023927
51953335916
51979054177
51931674532
51965607922
51929947435
51900867237
51943949109
51904293559
51958826944
51910893894
51914741442
51939599920
51971310812
51952072777
51997647674
51951598866
51903269702
51961906436
51969769943
51991013845
51989300153
51969550514
51987779929
51988668083
51939132555
51904549875
51953373872
51920665664
51936079909
51925832567
51950514299
51945573928
51943685741
51950752712
51987669570
51912137395
51992436197
51907180727
51997671268
51975150710
51993699304
51939214288
51936369999
51953427394
51992974665
51947900138
51917515470
51951408900
51956661424
51922296824
51970488797
51985788271
51976234949
51967672526
51937765521
51991407718
51944914170
51904477939
51935257049
51973301233
51949010319
51952360014
51914016234
51935007221
51990261120
51973685313
51962742569
51981202272
51972278061
51927949992
51988661298
51980839212
51922626852
51956805527
51916936197
51904270573
51949889501
51912940734
51948408341
51992713887
51945225959
51961203292
51921293642
51946608982
51997565099
51971419338
51943627545
51991917121
51916450896
51954788806
51952868506
51990662863
51964029181
51904149880
51922360941
51998883425
51972401250
51964222299
51918927864
51986294569
51907267525
