51903510695
51989493022
51902004430
51919611667
51926624431
51906184738
51932877967
51977165414
51988230465
51921071814
51981895108
51981895108
51902398693
51902398693
51902398693
51930644077
51957240793
51995237805
51984422201
51974380433
51943494890
51902695238
51997675082
51981372204
51976586911
51982311501
51985279540
51926316043
51908957969
51913034521
51959229351
51992114396
51955566067
51962349015
51967482704
51910048879
51962177907
51937369997
51917302907
51955968582
51991013471
51902785670
51959294015
51987819747
51918031356
51979942130
51930664634
51920571904
51950985204
51986688679
51940491989
51921095968
51901792133
51917988758
51979774900
51910595413
51955207273
51930348470
51982321387
51928335425
51984274573
51906054774
51936459271
51974262915
51923176418
51946293810
51900056811
51991856963
51901277748
51963567436
51983079160
51963898907
51900672679
51981516055
51928475310
51963339644
51943671142
51952737811
51902284866
51925000298
51926195459
51927165795
51910859526
51969280934
51947410950
51976190801
51912916642
51906078369
584121098690
51972243512
51950461150
51913401062
51934736112
51963415838
51925415310
51951439334
51945488863
51966699756
51935630696
51993142103
51946804693
51949130682
51912956770
51972455578
51917368129
51997716331
51928082149
51987909770
51918647596
51918986416
51982827590
51974972627
51900581359
51951510381
51995700328
51952229805
51927891639
51995169810
51960256319
51930774055
51931992347
51928143778
51935412819
51989754591
584244451016
51986305765
51941936190
51904866188
51961640890
51977567235
51934380831
51956289781
51974235377
51917080782
51988832747
51987435003
51994736305
51967148035
51975539408
51959892177
51961958325
51906775214
51929088300
51904077197
51936157135
51998379613
51924306917
51922361868
51935848251
51935864927
51960733197
51931226924
51921964820
51924316284
51921987123
51970082762
51994763982
51927486772
51965398784
51934992761
51917649286
51912427586
51901753051
51964859522
51968374003
51959561457
51986885328
51902391295
51931668125
51974348698
51997684471
51935683988
51904799944
51946686896
51988144830
51920622828
51997738157
51908545636
51915139017
51906360638
51901063567
51937496454
51925554942
51947777861
51927328351
51928028368
51935415343
51973650261
51990669909
51958339075
51971611842
51996606129
51930752919
5511989250154
51974812880
51965966055
51980916935
51959386119
51927282975
51999451878
51961767409
51957746292
51960335933
51913691436
51965311957
51991847279
51951984790
51902288023
51998113736
51926816440
51970273504
51985144470
51962005929
51931473237
51972648536
51918560171
51967313265
51995868943
51916850973
51906335846
51984969464
51943040367
51904139383
51902706846
51900771396
51990412590
51993467745
51917646734
51946166851
51920825121
51961548238
51972744538
51963254918
51906685234
51900324767
51981703450
51972446349
51937226563
51924014756
51965796023
51948647894
51971942273
51942260563
51930695902
51945870683
51960798334
51978609738
51914860761
51904510827
51917418145
51904850519
51988114954
51942684699
51924725937
51917033647
51936856909
51951806630
51937485301
51967020554
51935283592
51990283478
51972297232
51959744232
51932993491
51901090699
51993348313
51936799068
51936461432
51958376157
51982310736
51988399714
51926015663
51945039873
51951479650
51934958756
51931116357
51936828834
51978216113
51927296425
51912497146
51985804168
51985831506
51960310996
51934726397
51931764882
51944528475
51955289655
51962407884
51920703438
51903274231
51975115967
51978168569
51932920306
51970123209
51959212270
51949151340
51974642725
51994786230
51907113560
51925745090
51981833895
51935827595
51994932399
51950254481
51900376447
51963430824
51915149212
51933326037
51964536994
51931141298
51931156406
51925578076
51915336169
51957795110
51915370482
51995540484
51988110004
51917520654
51904850432
51971775737
51921187113:7
51904487324
51980489121
51907842805
51990878043
51966956605
51983160136
51916696323
51907606018
51952760226
51947547340
51927867910
51942723121
51901873149
51941711163
51943606079
51960640851
51949829354
51917706579
51986828850
51968740847
51961373557
51935905075
51924443227
51959316728
51930812052
51929080850
51935862664
51901200282
51997860242
51908693228
51971501208
51906398742
51980174329
51944453239
51940248849
51976271211
51916123056
51927170955
51910755022
51916606233
51912356948
51916109601
51970470421
51980971116
51922695734
51943162365
51907281445
51954674357
51948503353
51951442366
51959312847
51990096955
51925524405
51964031383
51983053276
51934609674
51948713619
51936511362
51979524993
51971690741
51975070732
51992950942
51912740789
51953897907
51967766048
51910970717
51900164459
51907459107
51973368492
51919611215
51992615865
51931124546
51926401099
51923336889
56926303057
51981978441
51925148103
51921353794
51951085488
51970369768
51942888083
51975996039
51910643889
51904722026
51928574176
51940860532
51953841884
51931064481
51922480658
51920504800
51997583372
51998704150
51981901410
51982215048
51913288631
51950345521
51926298658
51913659988
51906017018
51904193020
51957065482
51917997645
51936002251
51955472766
51934469533
51933511829
51992081122
51930980838
51935317648
51928826858
51957712246
51928991377
51978541862
51922677972
51977615813
51923240497
51916985096
51931786198
51941939664
51906530689
51973028021
51935141583
51906115310
51932604982
51940259456
51961456224
51943085152
51921283096
51922033976
51925203557
51916402921
51945907448
51955834368
51979206241
51979158568
51927167549
51992273401
51991974090
51950774243
51926127452
51913643512
51935254021
51954115141
51913700734
51936977795
51970704780
51900042964
51930588177
51929963341
51979210736
51907212310
51996472613
51940312119
51991747577
51903130917
51966654481
51960280429
51919508217
51953627788
51990588827
51926080817
51918983989
51936404977
51906528195
51914009680
51925660072
51927955328
51906955143
51957824000
51964875744
51935098314
51993749285
51994199475
51994397261
51965960076
51944314453
51970812956
51906520030
51930157035
51938739021
51922337859
51977208140
51906277253
51912155902
51934124168
51930503188
51933259244
51902679811
51912042640
51901076186
51900960652
51906495187
51991938717
51970421021
51974113961
51981044784
51968335303
51955551319
51949592166
51959811732
51985293729
51982464716
51977289475
51902464424
51967147444
51955183654
51962968388
51961259832
51999738490
51927644471
51975575204
51946603763
51945679142
51937044733
51937738174
51907475222
51992906519
51917716529
51950763217
51918376433
51903265901
51978658346
51941712485
51928765832
51932345064
51917738513
51942984006
51970097176
51972493257
51979606157
51978897215
51986292658
51939007073
51951897636
51944331141
51943563937
51965975869
51906091464
51969272425
51974857008
51930497812
51971203766
51921071617
51993531436
51925518147
51906331426
51993765442
51934383056
51937646529
51923132844
51901432558
51930406798
51968957039
51931833228
51958618198
51983223065
51913788779
51992108371
51995178416
51957376419
51949436419
51972598945
51924683022
51991791674
51910537940
51987028585
51922033328
51939141120
51986645228
51988845848
51964385533
51985788565
51930467311
51918200834
51916375631
51967999108
51941418353
51961575001
51962499998
51972461309
51920221187
51912483616
51915999476
51983245022
51977609851
51925015783
51906600630
51907592276
51981886322
51934047231:1
51940458598
51930825822
51906805076
51961359857
51919567998
51931534453
51916421585
51957538557
51976408356
51921931346
51954925795
51900260224
51914095328
51985633278
51934921203
51921098789
51933691914
51989466051
51985630006
51989981313
51981964306
51931559093
51922782072
51952309455
51998759900
51931832954
51952309455:4
51975521577
51907400394
51943203903
51929356439
51985739906
51906869231
51934953265
51991293827
51969147562
51981206442
51931985474
51924867500
51999643934
51934999478
51998254294
51943023278
51930233014
51972281605
51939000631
51916286408
51927574522
51992537664
51972861767
51931158670
51936781092
51934711175
51913284547
51917238482
51932682274
51907710959
51946307517
584243218244
51939555553
51958489331
51957591072
51904636750
51907327288
51916997659
51980876129
51967756313
51935348302
51939555553:31
51936073705
51979921391
51952227148
51999487221
51918924680
51916674172
51912559351
51948053851
51964724441
51977562450
51994354264
51984641623
51974474858
51944503619
51918029617
51929232468
51918037693
51992881239
51956574979
51916963258
51910507933
51927168166
51902291850
51992094595
51998414921
51958971081
51925043560
51977430251
51923722561
51997679077
51924226008
51969211768
573042425359
51988662373
51972766543
51978252579
51935267845
51916938126
51900579481
51975927208
51904510857
51985414244
51941587928
51956595904
51926050723
51995998665
51917038663
51960991914
51989477716
51998111463
51944698567
51912488223
51984944706
51948059000
51916298459
51992730105
51966395865
51943661610
51961601788
51930158564
51987873373
51900798680
51935403260
51942265642
51903175500
51904907911
51985499444
51942069770
51914344537
51961385099
51923848493
51931440161
51933831795
51959214682
51933126561
51912772946
51901346020
51933067141
51987821609
51945746665
51953536439
51995896758
51981475944
51916684261
51962483775
51946412777
51993452782
51990335433
51927056682
51918425502
51971450918
51941274053:10
51980454429
51981387251
51920655761
51948160160
51917813196
51971489863
51916729456
51967382176
51917597379
51948989585
51941632679
51946072617
51947232794
51995493193
51960680040
51972794626
51916562829
51966467549
51933144286
51918090372
51984032630
51965442763
51966418030
51975577842
51985646772
51971940075
51997657408
51945802545
51920835395
51917282787
51993799879
51904979401
51903009892
51971352700
51998936766
51976739892
51982384391
51961792317
51930490221
51942835140
51982883165
51946919924
51956307754
51931923194
51976556535
51970329757
51974387432
51981369361
51944147031
51916034877
51979459374
51998399045
51928039941
51986087821
51937311535
51927603243
51955864375
51948799885
51953341661
51928556774
51910837656
51993584102
51923352189
51904733939
51929706434
51904006807
51977618664
51956951542
51982485424
51923446381
51907580845
51981792159
51993108998
51931187550
51918226729
51959341356
51918751489
51992230689
51970315811
51992124014
51931008846
51966920894
51939828781
51981170223
51930364313
51946009728
51963914197
51932807360
51990684667
51982264875
51946828418
51931490919
51992176130
51901600448
51989735127
51957274296
51999968557
51912616835
51987639097
51943315609
51966386949
51963089462
51921050690
51900462120
51994163395
51980671002
51918501303
51921109473
51993056709
51901113910
51918886380
51921504409
51944669882
51957380348
51925680046
51934385047
51971732525
51955303606
51993185023
51948263073
51966378021
51924140142
51910359112
51985205925
51918044841
51929322067
51987589443
51926651416
51981475807
51944572788
51984019278
51982119345
51958174717
51985115483
51930341082
51904674330
51900235082
51983483648
51903341539
51959043091
51925045194
51968136553
51958907154
51913113534
51966370561
51950266079
51988416069
51910883706
51955102373
51907830742
51934898106
51992620823
51981831308
51971261408
51971536220
51986985959
51973090988
51927596122
51970397294
51980392429
51913998213
51950185420
51946158340
51945142818
51902040589
51930740619
51975830926
51956101210
51964654368
51981580692
51984717571
51975443734
51910225453
51946532862
51956308616
51987955810
51921472853
51995419703
51964121887
51982185432
51973253816
51933130197
51936005530
51959241556
51910556521
51985494164
51924996420
51962068766
51917667985
51997019210
51939483460
51954717448
51950501824
51917930095
51946160527
51950732383
51922002552
51906380195
51990036636
51935129311
51942623222
51969493647
51945345150
51940928425
51946111841
51916736251
51953808316
51968341906
51918480875
51968010807
51935897789
51972966573
51907050714
51948182340
51966500955
51976160247
51981240712
51914695543
51928507127
51904103646
51983721789
51979790335
51959701907
51929192859
51960692322
51989136775
51901753347
51976015547
51971671280
51916323964
51928584513
51962932269
51930531522
51908506715
51944861361
51920067116
51993640134
51999999094
51953159225
51967271769
51959213663
51929450382
51915112479
51953347171
51929009525
51917003049
51951931935
51971667498
51990090041
51934858708
51900231163
51930601314
51994674142
51994841718
51983147752
51997753336
51917102076
51981735666
51931890698
51963603914
51914015098
51918001255
51950650058
51997848720
51923881567
51928269011
51968301313
51974325896
51917076517
51985159670
51957396742
51931388335
51992614422
51936568831
51934886965
51975002411
51941797328
51931418381
51902084129
51930685262
51956012939
51904698860
51947791422
51931566404
51902144969
51931389881
51913673294
51932237785
51964423932
51974241651
51951868640
51989062090
51914652910
51958526422
51917234099
51903300022
51935721885
51902529458
51977912328
51960126378
51934964657
51906974415
51973188575
51941641747
51923503026
51990443224
51976401013
51950352748
51958079498
51947803437
51924745560
51973544385
51907262301
51928650937
51983360261
51950652662
51920621373
51931184061
51918370186
51924094421
51947288634
51969656700
51955868344
51994254835
51977754149
51948796995
51964215931
51929290895
51912779622
51940572820
51918787238
51916150291
51957683465
51923516594
51925409006
51945553077
51946878396
51912941656
51957994948
51961920112
51914416254
51941014090
51981109552
51986711499
51993522254
51984299886
51988328296
51949913519
51965386041
51936379643
51925727625
51958567351
51955240603
51992860529
51964468495
51987273276
51900376461
51906549709
51939987663
51999451080
51995125565
51936672541
51980227580
51922744269
51944854128
51926121692
51929523573
51916511902
51943602689
51900706344
51970997383
51979399131
51926493606
51995218323
51999105519
51932685356
51942872227
51929880628
51989429646
51903511207
51931489996
51929140302
51990113169
51993973955
51977747515
51977613356
51971363175
51922210061
51931482336
51960777587
51977741514
51949809188
51914451552
51989917077
51953626363
51978812540
51927962755
51944041621
51996384727
51906472269
51937453961
51998343634
51946343607
51943558416
51945405140
51902450837
51923800635
51982186376
51982964768
51952802324
51983454618
51904085829
51935660188
51913095502
51922509290
51947894746
51989493133
51997750428
51936930514
51914645597
51992849079
51986057630
51992060323
51917852876
51999832631
51924352119
51987439272
51921068882
51941560140
51987604785
51913008049
51921944588
51952669342
51925195449
51992002815
51950938868
51920627553
51931810425
51923974363
51993308350
51927012499
51928680979
51967477457
51917625998
51904749854
51927079408
51997354705
51994790507
51914999963
51951007007
51950783431
51922121657
51984207374
51904538277
51900554384
51900067726
51930480723
51945109720
51974326788
51914265618
51986332845
51928470306
51987223574
51917285662
51903159949
51980238446
51934985500
51965004185
51948081310
51921906471
51906766359
51921383312
51927140926
51935098511
51979633690
51977836971
51952820040
51929099076
51986158907
51976577769
51996007350
51939149550
51929514537
51963784336
51982155159
51982877562
51955556192
51958252511
51978692486
51922230388
51932499820
51932247152
51980269503
51912257246
51908684933
51950288901
51970998485
51929483590
51927144840
51921609816
593994961863
51993736075
51991843854
51963042295
51994104340
51984965554
51991299209
51992453805
51991230604
51913372690
51961142211
51936338888
51949279088
51941406841
51968809703
51922990458
51991724072
51925661419
51932346155
51913866634
51917387959
51968404329
51942318008
51900263106
51974196239
51947840207
51969127099
51945296481
51925284513
51940549839
51944201297
51903204573
51995611181
51904264230
51986178084
51946442602
51940958245
51951180867
51970696933
51925275909
51991277482
51960996663
51941909030
51966991257
51906985178
51935146785
51967936587
51921748801
51984476266
51981582905
51918431388
51975640654
51936636343
51944044112
51981971075
51900122742
51910735054
51953282762
51918518909
51933210260
51955961500
51987694785
51906879410
51942695900
51924002643
51918039385
51992290883
51940067025
51986038333
51939148542
51962961981
51953766137
51933804165
51941949124
51918853762
51906675148
51946618116
51968236452
51947680211
51953811145
51952807721
51945488863:54
51913539543
51992366100
51929597960
51924866329
51908791805
51917875384
51928447245
51927537647
51913516665
51917920849
51973845742
51985035275
51939535333
51927257033
51992826011
51906230322
51982443616
51971529223
51992501682
51916794806
51932657629
51924588597
51935610899
51934410750
51933951491
51937740197
51973055321
51987562001
51927804256
51919738832
51904239215
51962007183
51955313269
51945983571
51961984173
51966850959
51990084454
51931732465
51901567178
51934897990
51910885965
51912473976
51972760532
51955136874
51922128053
51969582953
51942385558
51927720559
51935701059
51992690034
51986331511
51986190662
51906664051
51924054429
51965224445
51987356886
51906864683
51969992365
51929922829
51930612713
51904452438
51910311034
51904106820
51923709566
51955495448
51960506472
51972490512
51967432758
51935937485
51965119685
51918095168
51982872280
51968412247
51936410430
51971177318
51918068755
51925982609
51927077751
51980273985
51988795031
51942669555
51903511678
51949668072
51943656940
51934715122
51955184455
51941052602
51902520097
51994676298
51921866376
51930972712
51938468391
51908954017
51918831819
51904027351
51924522391
51919172804
51965335247
573204101914
51915955236
51930810034
51903494804
51951349209
51900937144
51950468120
51943915288
51976412087:52
51942432142
51906118250
51940640017
51934782644
51915113336
51919552812
51958241981
51989698354
51922672095
51977661704
51902497103
51950345288
51902271755
51941428168
51947548697
51972776216
51953592167
51973349936
51930983115
51967394301
51941024954
51930904692
51912798272
51955964890
51989447979
51989505938
51902078571
51934170417
51916484403
51986177572
51927665107
51962284017
51917401845
51912827977
51999990072
51919527415
51907897970
51970436817
51916450480
51960601589
51939904667
51933673021
51922710267
51930685990
51941038010
51974034680
51946285469
51994574193
51907858293
51900402361
51900518212
51946355734
51935098240
51926068732
51973651650
51961278259
51987809402
51915149658
51984248924
51990361517
51987886176
51939265633
51966895696
51993225974
51916598497
51960133914
51994053957
51938245107
51940035765
51937348502
51925029872
51980966680
51989732826
51922025257
51995169984
51960346402
51939481415
51930896544
51940623980
51942188883
51944749066
51930309176
51935501350
51921704832
994403570838
51992742960
51935160230
51963986339
51908735266
51963832563
51995724085
51953882859
51973477874
51962667367
51948551435
51920636645
51960750512
51913796815
51927846754
51916874543
51935628738
51967437961
51931195562
51942752282
51953184481
51931977736
51960137074
51916452176
51931614653
51942449437
51963967130
51977116642
51949236175
51928230463
51961616471
51956846690
51944846960
51910580541
51903313146
51932729341
51946999017
51939937177
51953794785
51994410070
51959680044
51927663926
51976205552
51979269500
51915391186
584248951823
51907330039
51948751943
51966169172
51983223113
51923712733
51961213703
51922914456
51957856992
51972578236
51936630169
51947153575
51922287636
51910295400
51938494945
51944239484
51918445283
51931527600
51988576929
51913736306
51921684721
51923962016
51937290831
51925432913
51967718547
51912265878
51931573802
51942505648
51982790493
51914903657
51950379581
51965424339
51927760695
51922433220
51955006938
51937422767
51965171936
51904050046
51994514027
51910513506
51935010571
51900368591
51973338462
51973270320
51900649697
51921122096
51919677417
51904138126
51921945535
51910146815
51950733613
51902201872
51954489880
51993885872
51946607113
51928094575
51962787796
51927535438
51962347015
51919450657
51918908967
51999025143
51984063131
51994387612
51940287026
51910986722
51928242038
51954833036
51930673729
51943759573
51945626635
51974679287
51990193787
51991872852
51931836042
51976576772
51953870849
51942029170
51953716403
51916930700
51959273309
51934493522
51981941927
51933202269
51928773772
51986176001
51949030765
51935104519
51998315074
51923234117
51963089422
51912993460
51934097860
51983939702
51910297362
51930232264
51923395994
51970787682
51917698122
51901563250
51900674883
51921741891
51987749344
51906549499
51949176692
51936643053
51924539696
51936473378
51952651829
51980861619
51948084164
51942180390
51923986419
51931672745
51924647788
51938101924
51918326129
51901654176
51935502252
51925110557
51952802324:11
51946405155
51921634757
51962703435
51972535643
51930893706
51929888327
51917820025
51942896903
51913769278
51990413866
51970802040
51902164469
51943935730
51927892173
51908667240
51970615939
51960100205
56977621394
51901631073
51914125166
51960441334
51943403756
51930495459
51964759662
51917001334
51997212790
51978795292
51901011824
51949271723
51928497105
51987072753
51904769252
51934228530
51980285244
51902845722
51918121426
51967476662
51927039315
51962197594
51946239827
51930855758
51929670522
51954150285
51918990674
51917906300
51900819108
51904838407
51922942531
51904249275
51910305510
51951118461
51996908058
51940431312
51952277176
51965632469
51990675880
51904909174
51973711463
51930641356
51935546448
51935938209
51917993091
51935224633
51977793525
51914828061
51924351024
51942410175
51918451565
51946131904
51963432643
51929046518
51931531456
51931518751
51918346972
51953951631
51942400283
51928965227
51944235262
51997675706
51991966715
51977876974
51997406035
51912263910
51943182542
51995649747
51916226077
51972587077
51921502558
51914293376
51991602372
51936692442
51980680519
51928067868
51921948213
51996061899
51931565239
51982685789
51921121795
51977797668
51932071862
51908585972
51997712305
51964909038
51981468779
51979029030
51918306750
51977725751
593969975224
51981582011
51984040828
51917652889
51965109505
17473362381
51968544248
51917938525
51982920404
51983971947
51935554441
51967016665
51994117179
51913575157
51977768298
51976808313
51904506109
51907796171
51955881801
51984994859
51969099675
51928291058
51992114428
51974297339
51900762325
51982205000
51969885345
51933227626
51901727184
51902012443
51993776814
51938480929
51947153116
51922831656
51907706071
51997452497
51940468719
51932492953
51928270355
51958454248
51930889454
51929848295
51996797984
51957656524
51928760826
51976321130
51931939321
51910405964
51901910340
51971704581
51921469273
51947208225
51901035316
51961964406
51960866114
51918645849
51954263432
51953055515
51932522029
51990007009
51986303906
51931059430
51989852204
51903123231
51902551857
51912012088
51987038937
51953736566
51954366332
51983772590
51952539277
51993070332
51981836304
56953328588
51983461310
51985412096
51978147985
51984341444
51984063432
51913564395
51959635225
51996994638
51927658034
51967347018
51901652919
51951224591
51914428623
51914389428
51996003253
51936835861
51994135821
51962893518
51978371011
51922725965
51981421829
51965751628
51921588368
51907177487
51982860478
51922933188
51993763141
51972223549
51934736077
51933784733
51993333609
51931308951
51955249011
51937394649
51935715452
51971784908
51984537782
51927015819
51956527572
51935233417
51980708309
51973867076
51979126370
51959917052
51977649850
51935113529
51985558079
51932281185
51945635530
51950945490
51922494071
51951888457
51956309213
51986172597
51938935143
51994460385
51944676092
51929330384
51940398629
51940467697
51970503285
51961942847
51935373464
51910704283
51973726819
51937559660
51926133081
51906548811
51952348027
51926499870
51940597931
51917867051
51964858739
51981949549
51930963289
51918979460
51925518467
51931576879
51935646245
51930732262
51994044350
51914773567
51921387829
51958472054
51991459774
51969093936
51914480605
51906511558
51951262344
51988531270
51986721733
51900938135
51949152019
51961275983
51918369835
51992683805
51987318196
51939649542
51904244634
51923723675
51952443347
51916041123
51940805078
51932910288
51960916319
51917165443
51975076155
51945205000
51900487505
51918552796
51988530214
51906165557
51916631187
51928294253
51932280545
51982717218
51962831057
51916401444
51932380773
51980901197
51910494159
51941341015
51928360329
51938735177
51948338898
51954930477
51919622368
51960997587
51956217655
51906134793
51970888427
51906098418
51942586507
51950524490
51982212866
51965224571
51969834521
51957599453
51920027214
51958506799
51996770866
51982798911
51968255120
51942423183
51921147282
51934547498
51930356920
51921534685
51929547677
51952622112
51970909270
51963047045
51927228334
51991694498
51924124866
51929012209
51918013334
51903080081
51943748460
51957309458
51962807543
51931872664
51960461416
51982675478
51926869115
51912930493
51949818674
51916040402
51915242192
51958123988
51952010262
51944182178
51987759819
51906958853
51901164878
51925450502
51931004415
51958711554
51912151662
51992346380
51972671208
51935726993
51916301181
51917401362
51975882337
51999611618
51979060760
51901445021
51906742368
51942794924
51945082775
51902939538
51913276420
51918871658
51993722139
51998275970
51933188027
51907671447
51942418112
51991162591
51997350157
51945279096
51969320165
51935495811
51950599383
51967804330
51914227344
51900129286
51910452174
51947166010
51975772337
51950246519
51916018672
51938785861
51982452301
51959778900
51972442797
51993445549
51976412950
51912054570
51969173082
51968320114
51976313420
51901428099
51906085891
51969924276
51910943591
51900146624
51993268068
51924882859
51980309106
51902800972
51916395396
51935207816
51972207683
51930783686
51901412699
51902517946
51916242260
51969524352
51928941214
51901813499
51936196785
51969668359
51927038620
51984110849
51968596231
51997320276
51965493806
51959549690
51927040992
51954200823
51938117216
51942494123
51922043420
51901397683
51916070399
51941871883
51967212631
51925712897
51901290688
51929536702
51937556698
51940808244
51986817186
51981884184
51954339382
51932712648
51979432067
51954030210
51989069890
51946025418
51925728744
51943309175
51938797528
51958086865
51957029173
51923014989
51963383081
51964540728
51972676803
51917090871
51926055290
51928951492
51982931179
51912722292
51932711111
51931188364
51988692232
51991820880
51959308327
51943113365
51959952925
51939958981
51921698862
51984709179
51926458501
51906256778
51903093082
51944391402
51904069396
51946531589
51927412864
51948847310
51969569180
51977838280
51939744895
51907999408
51948997989
51925616097
51975868307
51984334457
51965381950
51934689754
51970989086
51950255318
51932013423
51987487267
51928036156
51987487960
51956526923
51913771504
51950282343
51916072131
51973970509
51967686240
51981295027
51932508513
51918680537
51926491586
51980547295
51983169137
51954034589
51979403205
51924956760
51958560080
51983016733
51922812129
51965423864
51988350692
51904186330
51924446075
51930216522
51972931391
51944727816
51915366731
51956643832
51913106036
51934223480
51955826089
51929672881
51931494899
593989305756
51998710143
51935957743
51993876673
51914726318
595985981486
51988805399
51904814734
51982232270
51916108189
51938143409
51927125657
51952962288
51936213097
51929269292
51928991772
51965032195
51980602375
51961593326
51929754748
51902640462
51946652270
51935788337
51974439697
51959344874
51997496856
51977700951
573205748306
51908999025
51944159517
51929843469
51922515885
51949131636
51903176881
51922407120
51957648734
51925376046
51925848113
51989893102
51952380861
51986151754
51912463194
51936161498
51925639359
51944736126
51939826977
51944764044
51989450909
51914353119
51913880393
51931330262
51994705577
51987445174
51987190275
51900217747
51925176829
51994811280
51956765102
51984703738
51904547104
51900514563
51917306931
51926099447
51930934566
51995339333
51901073643
51983649169
51938423257
51991369951
51973236018
51903243930
51914957605
51926542528
51907117160
51964793051
51974146886
51902058054
51918314062
51942985198
51915938556
51931857590
51902248922
51972991153
51926648870
51923293475
51992314935
51977795183
51901482026
51927665178
51916760935
51928300677
51915247707
51936684446
51968582072
51929057079
51916411944
51944589563
51918742835
51958614852
51907151741
51913709765
51996362219
51931997778
51986445147
51913698276
51918922912
51971571612
51968628440
51900205133
51954262441
51993375351
51924771421
51962962685
51967604526
51907396340
51926753743
51935462098
51982383389
51933249253
51992195901
51907684055
51940760515
51991597726
51980137492
51935677952
51902678290
51985197479
51937238613
51921691970
51934502930
51936072136
51954679552
51906446992
51968814432
51998227639
51904966005
51997736282
51949839633
51917004811
51941737719
51941973392
51955064239
51962290645
51997113748
51924839066
51966528175
51978610441
51936544556
51997740414
51921939420
51973809932
51929463400
51976059461
51982240919
51901054732
51966266391
51938675871
51960897539
51994772254
51997792238
51940743877
51984140809
51943464478
51970743739
51941098670
51937199732
51900891557
51913148611
51915190659
51949571024
51900565408
51958893957
51917709055
51981660027
51915954363
51986817758
51952082060
51933149694
51929296358
51935476911
51970592574
51935625183
51989915345
51915217831
51991029799
51926045016
51929117170
51919035936
51939252093
51910224942
51925617485
51940571743
51916532928
51980887544
51940067534
51967488917
51958378097
51953849204
51982003191
51925001766
51900898752
573225391223
51900971140
51991355693
51951543396
51917437521
51973277547
51950018358
51996435392
51984088550
51935653852
51901553934
51916991748
51907097975
51924071442
51938818489
51977621875
51973777563
51928203703
51935373602
51921785202
51997860060
51901865742
51970027342
51985275398
51903425083
51979380034
51906820229
51967161609
51930318453
51959450866
51977417224
51934241795
51920762430
51920053301
51924415430
51953335597
51926769338
51977168635
51907119986
51960080624
51940974416
51918135367
51912373961
51966885138
51997973343
51968797225
51924582947
51918693608
51980731475
51955758486
51924445533
51900746397
51961644875
51957232571
51959405134
51966430917
51954439286
51968544565
51948795877
51906639145
584129241908
51943583680
51927243894
51910507835
51966434612
51984393014
51928528082
51927419859
51906368384
51974409812
51979881087
51926764087
51925507486
51912168820
51925055791
51938417308
51932943742
51902976238
51931985768
51940506552
51984445675
51925883157
51956532021
51930500130
51969981793
51965134623
51974778486
51976585214
51947171845
51916452151
51963565926
51907517373
51955068588
51927674727
51974646322
51932836600
51993278833
51972255569
51981626575
51900401924
51912823384
51928617127
51907494747
51928664533
51995160866
51948554205
51948390534
51936583131
51959681891
51928810862
51902311643
51957980759
51994881562
51935031791
51993809165
51914261450
51904846654
51940875671
51934881554
51934775432
51987115990
51903390575
51947356499
51994384523
51956305048
51934630742
51964993650
51956286173
51967325297
51988767353
51940343938
51906002531
51902172453
51917116689
51995501719
51942117586
51992453196
51900067214
51969550944
51953056966
51994320548
51918899737
51930716919
51929027428
51929973501
51972430422
51980459145
51967640846
51962096105
51997224236
51984317850
51913431495
51961147979
51916990093
51927154637
51939622486
51966243418
51993141818
51942476513
51929457594
51983035029
51902245759
51989999062
51929432382
51944511502
51982194139
51916458047
51921424950
51966212012
51998348371
51917837468
51927382605
51954306292
51906451733
51917295759
51933466924
51959969630
51972717578
51929644474
51931470962
51978412690
51973721433
51912980255
51953723608
51982733008
51975173591
51972318377
51937194366
51987430721
51932257887
51985404992
51962716206
51950273076
51973921050
51970074240
51904790253
51912200540
51912930454
51955135424
51982443311
51985090335
51908897469
51921404262
51989661408
51945525169
51952192453
51931367192
51948091805
51929342067
51917354217
51910347726
51967471945
51959657632
51962440885
51900513043
51929592864
51904002955
51987389704
51902270846
51923902439:1
51966125727
51953096172
51935566683
51929365582
51906148161
51901108856
51901704556
51984543309
51995798715
51914594917
51983219122
51985133661
51933838847
51934656133
51901280852
51918929013
51945987612
51938952764
51934519365
51927031826
51939378533
51904672901
51980442920
51971842308
51943469983
51904469885
51937540143
51924907105
51989682323
51964331137
51950245424
51987666706
51987386737
51964287390
51959294717
51938331531
51943010318
51982093518
51947504975
51979724571
51974609694
51952324912
51984966286
51987655664
51936777235
51923183597
51958079918
51957138488
51988766659
51978337305
51922227450
51974942239
51925939026
51995415476
51965146528
51904726870
51998743141
51980833419
51948721208
51978961899
51922190325
51914077619
51912224838
51937492056
51935651927
51956146088
51930601996
51916097416:1
51978344450
51982031143
51967002498
51912448098
51913798940
51936272662
51978618858
51941070408
51923648758
51908513984
51948304763
51931945145
51927095830
51956304322
51969501978
51993383231
51925725976
51930850637
51967885237
51994806392
51925060135
51923781538
51956020985
51940348111
51987379843
51926617607
51947282154
51972910536
51964481041
51949731690
51907342622
51980968478
51902161919
51994211619
51914388268
51950492076
51934007888
51960781258
51910931503
51944131223
51934368958
51944444817
51998480963
51935411535
51926925349
51994035959
51956916621
51973523282
51923815554
51951951665
51915039290
51904660823
51940019205
51906224665
51952612360
51927393479
51902110252
51929550282
51974513426
51914918952
51972483422
51990995130
51987434693
51973649648
51953561704
51956740162
51928702892
51983505231
51981167595
16316644701
51954576456
51964340293
51902610996
51985234807
51950348329
51938739670
51904149880
51956478480
51984394788
51978649288
51910832932
51940712117
51942652506
51923169492
51945698212
51988792031
51987239968
51918452434
51951269225
51997424683
51949800337
51993998931
51936855213
51955090297
51957695933
51933070517
51982313686
51997137119
51910774377
51980858232
51924353627
51987273306
51939280392
51953786409
51940880404
51953041254
51953151160
56935434904
51939014971
51930828622
51947728651
51967585527
51950524776
51910584819
51946022275
573013854542
51910784116
51917008523
51934064994
51942171950
51903179229
51941512826
51953189307
51972741290
51906279690
51977504519
51953035407
51915109825
51930528598
51918566090
51902787858
51915007756
51925989834
51914498040
51931913873
51932901308
51956419013
51906893357
51904956053
51916545987
51995379729
51900082539
51960090435
51916147825
51977556568
51968104577
51913904388
51914033705
51918625708
51973003800
51917368329
51976130139
51912190467
51925853200
51941644596
51904115860
51927743054
51929887219
51933888948
51951649688
51917706084
51943597104
51949775381
51927926471
51933275413
51922729283
51901719577
51942161793
51916150675
51971300632
51922679144
51956175751
51931824706
51951122536
51924977314
51902001798
51981549436
51928293850
51956693017
51904622540
51904163064
51918504814
51952081408
51971779877
51907248882
51954974995
51967380789
51910730103
51923075862
51926936528
51978339738
51917714571
51979504859
51935494068
51965880388
51903428830
51980995641
51913766800
51935460524
51957921226
51999959229
51926754306
51902936760
51901798519
51997302804
51965614870
51991646942
51977538534
51961896847
51918468266
51925216499
51921289502
51948492527
51990742247
51977881188
51947462286
51996424510
51964213733
51921451679
51954726643
51936502599
51917839134
51902354448
51916448803
51944792118
51931043679
51950480456
51992277890
51948451664
51916188842
51910957884
51915149703
51922861803
51961289584
51940513850
51988568625
51931707034
573232886171
51906448296
51964124510
51918446102
51942475938
51929614954
51943507657
51982556199
51975798616
51919601029
51977234108
51986738518
51953187916
51987042444
51918529867
51938522124
51944706516
51941161755
51918712278
51923372735
51982234633
51928176096
51922143210
51900775396
51990676400
51955216686
51931410694
51901040002
51979628125
51903277035
51953331191
51950784620
51941741786
51930824533
51972478671
51945246748
51925290042
51930761851
51910269330
51916759626
51982701410
51933128229
51948165882
51917245125
51901335890
51992833437
51928998748
51999064066
51907592497
51984182373
51917653522
51903402954
51972317393
51972458153
51912152611
51923761162
51917508206
51927007282
51933922155
51900124209
51970666027
51966658222
51974790479
51928692037
51912281568
51902580309
51955577258
51970204704
51924034991
51931186544
51914784452
51935746721
51921638074
51907549106
51922832248
51935869507
51927244181
51925945032
51973246981
51902562660
51900850922
51916017250
51953386485
51934642575
51989900552
51975508556
51900622289
51969062104
51919141846
51991198694
51928373833
51976637956
51971676642
51903033394
51978672203
51978835368
51926075931
51965792037
51939183368
51935933698
573044348276
51921042369
51935171310
51930481183
51926260134
51966085143
51902653840
51923296951
51900558995
51949087285
51976359458
51916483080
51999627847
51948212724
51900495917
51902321382
51917137809
51936309965
51927483498
51995124667
51927924834
51950139403
51998011024
51922929044
51959552015
51931793476
51944317307
51988736475
51916139613
51910477662
51996969638
51999654531
51931190113
51920154479
51991763669
51966190609
51903523058
51912348604
51938295318
51972600805
51919660292
51908780552
51916388135
51910604522
51931094906
51932945598
51992030553
51916664570
51961691075
51906180426
51959331573
51937363598
51991965330
51912978144
51959940486
51906644009
51961264276
51963327061
51924675870
51941061885
51996266150
51908791667
51984359760
51979392363
51977137727
51920435775
51993796143
51944500981
51997087147
51999419422
51943238323
51902876227
51928786978
51910812800
51983247993
51997253912
51916887101
51913587489
51916441659
51927775305
51986376289
51985162881
51959614399
51953855615
51982658298
51994999620
51944128717
51940962417
51910517071
51977754316
51987359206
51987408335
51958401444
51931088437
51915952799
51964914273
51953513088
51998770142
51914819862
51935268765
51936413674
51949064694
51989805386
51945047304
51928987159
51929226565
51928553146
51900371046
51976947108
51971438375
51978361134
51944702591
51939394274
51916581984
51952147922
51907304109
51975030707
51969931268
51979411569
51935908869
51934373584
51986392264
51984099341
51980707746
51935311675
51902099912
51983714814
51970246482
51944296904
51959250980
51987310516
51949584616
51929636222
51924006199
51991927849
51961522693
51917363129
51941115798
51990282709
51913482917
51997139504
51941002377
51903018097
51941001197
51916995435
51931453361
51930951836
51922437918
51949475833
51944011909
51992725857
51956879260
51979971430
51923515824
51946211151
51943035519
51966497619
51924861147
51902309626
51955540979
51931869677
51940760786
51984281361
51980411264
51989644284
51925878677
51954070642
51970721677
51943800660
51994799900
51996912854
51917169594
51964290412
51981636321
51935707106
51997683318
51933425077
51927436153
51989078919
51971553701
51920531143
51992447761
51965365926
51917645591
51993015790
51995845633
51962165801
51932660061
51926165287
51946599826
51974324731
51973310085
51933498397
51907710806
51935991074
51953132409
51935178462
51916300617
51967210262
51920207582
51991951445
51925068369
51916896082
51999783580
51930973255
51982445998
51930896096
51914804212
51968479830
51976692810
51973720044
51944365619
51948102773
51931178259
51912831910
51998558000
51987261720
51917982150
51913880380
51927657672
51924089025
51950052198
51915176200
51982511047
51968429578
51931058603
51997963310
51941517583
51978570916
51965945192
51921178837
51904412591
51989430238
51981917109
51930505022
51944256565
51959240991
51907812905
51907693811
51997900398
51986763888
51995666925
51903272879
51982540523
51970223029
51928008105
51953492376
51951829625
51914656813
51974978823
51972786600
51922224639
51958662421
51931973058
51938951837
51925257687
51947135087
51927462338
51986753159
51971710928
51940791913
51907090378
51991671487
51917718045
51980630640
51904383769
51987726678
51926914835
51977883975
51993965508
51995646349
51987643368
51970850501
51923255088
51951397082
51943926317
51972960129
51904355944
51918218492
51944534312
51902505702
51916476148
51946225819
51964759879
51978430157
51993387098
51956355476
51972835219
51959556110
51928971350
51925074412
51956764951
51974672325
51914884242
51978603117
51958918981
51995009776
51936612602
51918813126
51949700235
51960804813
51929587358
51922665893
51998765561
51970431378
51923444813
51950879352
51937112296
51937739390
51940657213
51986886665
51963354318
51916095142
51943549545
51913237391
51988952816
51995547212
51926497842
51972634735
51967218892
51922512220
51916469868
51949464388
51926546238
51943392521
51949521334
51980418158
51942033592
51928458742
51960131741
51940524930
51927759027
51987909231
51928867221
51971659167
51906334471
51900874655
51980607054
51907745511
51962020966
51950070238
51947298239
51920545171
51930613503
51969701169
51907215949
51980890964
51993620168
51987839825
51994990717
51970988929
51963680523
51968144184
51984324966
51969316667
51929245523
51947757571
51961540919
51942155238
51967177338
51921035815
51900040425
51964294822
